000100 6.14426 0 5 8 10 10
000102 6.26074 -0.8 5.2 8.2 10.2 10.2
000104 6.37604 -0.6 5.4 8.4 10.4 10.4
000107 6.54234 -0.3 4.7 7.7 10.7 10.7
000109 6.65768 -0.1 4.9 7.9 10.9 10.9
000112 6.8221 -0.8 5.2 8.2 11.2 11.2
000114 6.94022 -0.6 5.4 8.4 11.4 11.4
000117 7.11142 -0.3 5.7 8.7 11.7 11.7
000120 7.28628 0 6 9 12 12
000123 7.45534 0.3 6.3 9.3 12.3 12.3
000125 7.5735 0.5 6.5 9.5 12.5 12.5
000128 7.73986 -0.2 5.8 9.8 12.8 12.8
000131 7.91326 0.1 6.1 10.1 13.1 13.1
000134 8.0779 0.4 6.4 10.4 13.4 13.4
000138 8.29734 -0.2 6.8 9.8 13.8 13.8
000141 8.46806 0.1 7.1 10.1 14.1 14.1
000144 8.63762 0.4 7.4 10.4 14.4 14.4
000147 8.80122 0.7 6.7 10.7 14.7 14.7
000151 9.02298 0.1 7.1 11.1 14.1 15.1
000154 9.1935 0.4 7.4 11.4 14.4 15.4
000158 9.41362 0.8 7.8 11.8 14.8 15.8
000162 9.6298 1.2 8.2 12.2 15.2 16.2
000165 9.79074 0.5 7.5 11.5 15.5 16.5
000169 10.01046 0.9 7.9 11.9 15.9 16.9
000173 10.22858 1.3 8.3 12.3 16.3 17.3
000177 10.44536 0.7 8.7 12.7 16.7 17.7
000181 10.6608 1.1 9.1 13.1 17.1 18.1
000186 10.92994 1.6 8.6 13.6 17.6 18.6
000190 11.1437 1 9 13 18 19
000194 11.35484 1.4 9.4 13.4 18.4 19.4
000199 11.6161 1.9 9.9 13.9 18.9 19.9
000204 11.88184 1.4 9.4 14.4 19.4 20.4
000208 12.08922 1.8 9.8 14.8 19.8 20.8
000213 12.345 2.3 10.3 15.3 19.3 21.3
000218 12.60968 1.8 10.8 14.8 19.8 21.8
000223 12.87352 2.3 10.3 15.3 20.3 22.3
000229 13.18676 1.9 10.9 15.9 20.9 21.9
000234 13.445 2.4 11.4 16.4 21.4 22.4
000239 13.70294 2.9 10.9 16.9 21.9 22.9
000245 14.00778 2.5 11.5 16.5 22.5 23.5
000251 14.31046 3.1 12.1 17.1 23.1 24.1
000257 14.61046 2.7 11.7 17.7 22.7 24.7
000263 14.91198 3.3 12.3 18.3 23.3 25.3
000269 15.21018 2.9 12.9 17.9 23.9 25.9
000275 15.50634 3.5 12.5 18.5 24.5 26.5
000281 15.80048 3.1 13.1 19.1 25.1 27.1
000288 16.1399 3.8 13.8 18.8 25.8 26.8
000295 16.47426 3.5 13.5 19.5 26.5 27.5
000301 16.76146 4.1 14.1 20.1 26.1 28.1
000309 17.14986 3.9 13.9 20.9 26.9 28.9
000316 17.48366 3.6 14.6 20.6 27.6 29.6
000323 17.8148 4.3 14.3 21.3 28.3 30.3
000331 18.191 4.1 15.1 22.1 29.1 30.1
000338 18.52102 4.8 15.8 21.8 28.8 30.8
000346 18.8946 4.6 15.6 22.6 29.6 31.6
000354 19.26512 4.4 16.4 22.4 30.4 32.4
000363 19.67108 5.3 16.3 23.3 31.3 33.3
000371 20.0386 5.1 17.1 24.1 31.1 33.1005
000380 20.44998 5 17 24 32 34
000389 20.85724 4.9 16.9 24.9 32.9 34.9
000398 21.25894 5.8 17.8 24.8 33.8 35.8
000407 21.6587 5.7 17.7 25.7 33.7 36.7
000416 22.05804 5.6 18.6 25.6 34.6 36.6
000426 22.50082 5.6 18.6 26.6 35.6 37.6
000436 22.9379 6.595 18.6 27.6 36.6 38.6
000446 23.36942 6.6 19.6 27.6 36.6 39.6
000457 23.83636 6.7 19.7 27.7 37.7 39.7
000467 24.2605 6.7 20.7 28.7 38.7 40.7
000478 24.71758 6.8 20.8 28.8 38.8 41.8
000489 25.17664 6.9 20.9 29.9 39.9 42.9
000501 25.6727 7.1 21.1 30.1 40.1 43.1
000512 26.12686 7.2 22.2 31.2 41.2 44.2
000524 26.61504 7.4 22.4 31.4 42.4 44.4
000537 27.13506 7.7 22.7 31.7 42.7 45.7
000549 27.61598 7.9 22.9 32.9 43.9 46.9
000562 28.12764 8.2 23.2 33.2 44.2 47.2
000575 28.6413 8.5 23.5 33.5 45.5 48.5
000588 29.14202 8.8 23.8 34.8 45.8 49.8
000602 29.67318 9.2 24.2 35.2 47.2 51.2
000616 30.20354 8.6 25.6 35.6 47.6 51.6
000630 30.73114 9 26 36 49 53
000645 31.2915 9.5 25.5 36.5 49.5 53.5
000660 31.83942 10 26 38 51 55
000676 32.42312 9.6 26.6 38.6 51.6 55.6
000691 32.95472 10.1 27.1 39.1 52.1 57.1
000707 33.51562 10.7 27.7 39.7 53.7 57.7
000724 34.11818 10.4 28.4 40.4 54.4 58.4
000741 34.70748 11.1 29.1 41.1 55.1 60.1
000758 35.29058 10.8 28.8 41.8 56.8 60.8
000776 35.89688 11.6 29.6 42.6 57.6 61.6
000794 36.49374 11.4 30.4 43.4 58.4 63.4
000812 37.08866 11.2 30.2 44.2 60.2 64.2
000831 37.71794 12.1 31.1 44.1 61.1 65.1
000851 38.35936 12.1 32.1 45.1 62.1 67.1
000870 38.95362 12 32 46 63 68
000891 39.61944 13.1 33.1 47.1 64.1 69.1
000912 40.25738 13.2 33.2 47.2 65.2 70.2
000933 40.8883 13.3 33.3 48.3 66.3 72.3
000954 41.512 13.4 34.4 48.65 67.4 73.4
000977 42.187 13.7 34.7 49.7 68.7 74.7
001000 42.8507 14 35 50 70 76
001023 43.50544 14.3 36.3 51.3 71.3 77.3
001047 44.17588 14.7 36.7 51.7 72.7 78.7
001071 44.82992 14.1 37.1 53.1 74.1 80.1
001096 45.50112 14.6 37.6 53.6 75.6 81.6
001122 46.19844 15.2 38.2 54.2 77.2 83.2
001148 46.87212 15.8 38.8 54.8 77.8 84.8
001174 47.5283 15.4 39.4 56.4 79.4 86.4
001202 48.23248 15.2 39.2 57.2 81.2 88.2
001230 48.92882 16 40 58 83 90
001258 49.6023 15.8 40.8 58.8 83.8 91.8
001288 50.3206 15.8 40.8 59.8 85.8 93.8
001318 51.00278 16.8 41.8 59.8 86.8 94.8005
001348 51.67826 16.8 41.8 60.8 87.8 96.8
001380 52.38488 17 43 62 90 99
001412 53.089 17.2 43.2 62.2 91.2 101.2
001445 53.796 17.5 43.5 63.5 92.5 102.5
001479 54.5022 17.9 44.9 63.9 93.9 104.9
001513 55.22134 18.3 45.3 65.3 95.3 106.3
001548 55.93598 18.8 45.8 65.8 96.8 107.8
001584 56.65054 18.4 46.4 66.4 98.4 110.4
001621 57.38258 18.1 47.1 68.1 99.1 112.1
001659 58.12234 18.9 46.9 68.9 100.9 113.9005
001698 58.84572 18.8 47.8 69.8 101.8 115.8
001737 59.55376 19.7 48.7 70.7 103.7 118.7
001778 60.27264 19.8 48.8 70.8 105.8 119.8005
001819 60.96484 18.9 49.9 71.9 106.9 122.9
001862 61.6931 20.195 50.2 73.2 108.2 124.2005
001905 62.41054 19.5 50.5 73.5 109.5 126.5
001949 63.12452 19.9 50.9 74.9 110.9 127.9
001995 63.85278 20.5 51.5 75.5 112.5 130.5
002041 64.55156 20.1 52.1 76.1 114.1 132.1
002089 65.26946 19.9 52.9 76.9 115.9 133.9
002137 65.98 20.7 53.7 77.7 116.705 135.7005
002187 66.7001 20.7 54.7 78.7 118.7 137.7005
002238 67.40026 20.8 54.8 79.8 120.8 140.8
002290 68.1186 21 55 80 122 142
002344 68.83452 21.4 55.4 81.4 123.4 144.4
002398 69.54398 21.8 56.8 81.8 124.8 147.8
002454 70.26706 21.4 57.4 83.4 125.4 150.4
002511 70.9894 22.1 57.1 84.1 127.1 152.1
002570 71.70294 22 58 85 128 152.0005
002630 72.41784 22 59 86 130 154
002691 73.12602 22.1 59.1 86.1 131.1 155.1
002754 73.83442 22.4 59.4 87.4 131.4 156.4
002818 74.55126 22.8 60.8 87.8 132.8 157.8
002884 75.28926 23.4 61.4 89.4 134.4 160.4
002951 75.98772 23.1 62.1 90.1 136.1 163.1
003019 76.70026 22.9 61.9 90.9 136.9 164.9005
003090 77.40446 23 63 92 138 168
003162 78.0954 23.2 63.2 92.2 139.2 170.2
003235 78.80582 23.5 63.5 93.5 140.5 171.5
003311 79.51262 23.1 64.1 94.1 142.1 172.1005
003388 80.20844 23.8 64.8 94.8 143.8 174.8
003467 80.88914 23.7 65.7 95.7 144.7 174.7005
003548 81.58722 23.8 65.8 96.8 145.8 173.8
003630 82.27592 23 66 98 147.005 173.0005
003715 82.9823 23.5 66.5 98.5 148.5 175.5005
003801 83.6903 24.1 67.1 99.1 150.1 176.1
003890 84.38858 23 68 100 151 177.0005
003981 85.07388 23.1 68.1 101.1 152.1 179.1005
004073 85.73622 24.3 69.3 102.3 152.3 181.3005
004168 86.44078 23.8 69.8 102.8 153.8 182.8005
004265 87.11568 24.5 70.5 103.5 155.5 182.501
004365 87.81352 24.5 70.5 104.5 157.5 185.5
004466 88.4941 24.6 71.6 105.6 158.6 185.6
004570 89.20016 25 72 106 159 185
004677 89.88546 25.7 72.7 106.7 159.7 186.7005
004786 90.5763 24.6 72.6 107.6 160.6 187.6
004897 91.2545 25.7 73.7 108.7 162.7 186.7005
005011 91.95342 25.1 74.1 110.1 163.1 187.1005
005128 92.64032 24.8 74.8 110.8 163.8 189.8005
005248 93.35386 25.8 74.8 111.8 165.8 190.8
005370 94.00182 26 75 112 167 191.0005
005495 94.68054 25.5 75.5 113.5 168.5 195.5
005623 95.36248 25.3 76.3 114.3 170.3 195.3005
005754 96.06558 25.4 77.4 114.4 171.4 196.4
005888 96.7473 24.8 77.8 115.8 172.8 197.8
006025 97.42458 24.5 77.5 116.5 174.5 200.5005
006165 98.09702 24.5 78.5 117.5 175.5 201.5
006309 98.7636 24.9 78.9 117.9 175.9 202.9
006456 99.42156 24.6 79.6 119.6 177.6 204.6
006606 100.1268 24.6 79.6 120.6 179.6 206.6
006760 100.8265 25 80 121 181 207.0005
006918 101.5253 24.8 80.8 121.8 182.8 207.8005
007079 102.188 24.9 81.9 122.9 184.9 210.9
007244 102.8550 25.4 82.4 123.4 186.4 212.4005
007413 103.5324 25.3 82.3 124.3 187.3 213.3005
007585 104.1753 24.5 82.5 125.5 188.5 215.5
007762 104.8314 24.2 83.2 126.2 190.2 218.2005
007943 105.503 24.3 83.3 127.3 191.3 218.3
008128 106.1849 24.8 83.8 127.8 191.8 220.8
008317 106.8738 24.7 84.7 128.7 192.7 219.7005
008511 107.5474 24.1 85.1 130.1 195.1 221.1005
008709 108.2119 24.9 85.9 130.9 196.9 222.901
008912 108.8651 24.2 86.2 131.2 198.2 225.2005
009120 109.5212 24 86 132 199 226.0005
009332 110.1814 24.2 87.2 133.2 201.2 229.2
009549 110.8234 23.9 86.9 133.9 202.9 231.9005
009772 111.4937 23.2 88.2 135.2 204.2 235.2
010000 112.1754 23 88 136 205 234.0005
010232 112.8713 22.2 88.2 137.2 207.2 236.2
010471 113.5543 23.095 89.1 138.1 208.1 236.1
010715 114.1637 21.5 89.5 138.5 209.5 237.5
010964 114.8288 21.4 89.4 139.4 211.4 240.4
011220 115.4595 22 90 140 212 243.0005
011481 116.0801 21.1 91.1 141.1 213.1 243.1005
011748 116.7030 20.8 90.8 141.8 214.8 246.8
012022 117.3626 21.195 91.2 143.2 217.2 248.2
012302 118.0275 20.2 92.2 144.2 219.2 249.2
012589 118.6457 19.9 91.9 144.9 219.9 250.9
012882 119.2599 19.2 92.2 146.2 222.2 252.2
013182 119.8906 19.2 93.2 147.2 224.2 255.2005
013489 120.5635 18.9 92.9 147.9 224.9 256.9
013803 121.1714 18.3 93.3 148.3 226.3 260.3005
014125 121.834 17.5 94.5 149.5 228.5 261.5
014454 122.4554 16.4 94.4 150.4 230.4 262.4
014791 123.1007 16.1 95.1 151.1 231.1 266.101
015135 123.7615 16.5 95.5 152.5 232.5 268.5005
015488 124.3871 14.8 95.8 152.8 234.8 272.8
015848 125.0848 15.8 95.8 153.8 235.8 274.8
016218 125.6992 14.8 95.8 154.8 238.8 274.8
016595 126.3139 14.5 96.5 155.5 240.5 276.5
016982 126.8980 13.2 97.2 156.2 242.2 279.2
017378 127.5229 13.8 96.8 157.8 244.8 281.8
017782 128.1245 13.2 97.2 158.2 245.2 286.2
018197 128.7558 12.7 97.7 159.7 246.7 285.7
018620 129.3657 12 98 160 249 287
019054 129.9865 12.4 98.4 161.4 249.405 290.4
019498 130.6155 10.8 98.8 161.8 251.8 291.8005
019952 131.2312 11.2 99.2 163.2 253.2 292.2005
