100	5.6177	-3	4	8	10	10
102	5.71145	-2.8	4.2	7.2	10.2	10.2
104	5.8031	-3.6	4.4	7.4	10.4	10.4
107	5.94015	-3.3	4.7	7.7	10.7	10.7
109	6.0356	-3.1	4.9	7.9	10.9	10.9
112	6.17035	-3.8	4.2	8.2	11.2	11.2
114	6.2607	-3.6	4.4	8.4	11.4	11.4
117	6.39575	-3.3	4.7	8.7	11.7	11.7
120	6.5275	-4	5	9	12	12
123	6.66005	-3.7	5.3	9.3	12.3	12.3
125	6.74795	-3.5	4.5	9.5	12.5	12.5
128	6.87345	-4.2	4.8	8.8	12.8	12.8
131	7.0002	-3.9	5.1	9.1	13.1	13.1
134	7.13445	-3.6	5.4	9.4	13.4	13.4
138	7.29775	-4.2	4.8	9.8	13.8	13.8
141	7.41635	-3.9	5.1	10.1	14.1	14.1
144	7.53865	-4.6	5.4	10.4	14.4	14.4
147	7.65935	-4.3	5.7	10.7	14.7	14.7
151	7.8187	-3.9	5.1	11.1	14.1	15.1
154	7.9334	-4.6	5.4	10.4	14.4	15.4
158	8.0861	-4.2	5.8	10.8	14.8	15.8
162	8.2412	-4.8	6.2	11.2	15.2	16.2
165	8.3505	-4.5	5.5	11.5	15.5	16.5
169	8.49345	-4.105	5.9	11.9	15.9	16.9
173	8.63845	-4.7	6.3	12.3	16.3	17.3
177	8.7754	-4.3	5.7	11.7	16.7	17.7
181	8.9103	-4.9	6.1	12.1	17.1	18.1
186	9.0844	-5.4	6.6	12.6	17.6	18.6
190	9.21935	-5	6	13	18	19
194	9.3462	-5.6	6.4	13.4	18.4	19.4
199	9.5084	-5.1	6.9	12.9	18.9	19.9
204	9.66915	-5.6	6.4	13.4	18.4	20.4
208	9.7923	-5.2	6.8	13.8	18.8	20.8
213	9.94345	-5.7	6.3	14.3	19.3	21.3
218	10.09545	-5.2	6.8	13.8	19.8	20.8
223	10.247	-5.7	6.3	14.3	20.3	21.3
229	10.4168	-6.1	6.9	14.9	20.9	21.9
234	10.56275	-5.6	6.4	15.4	21.4	22.4
239	10.699	-6.1	6.9	14.9	21.9	22.9
245	10.8649	-6.5	6.5	15.5	22.5	23.5
251	11.0337	-6.9	7.1	16.1	22.1	24.1
257	11.1931	-6.3	6.7	15.7	22.7	24.7
263	11.3467	-6.7	7.3	16.3	23.3	25.3
269	11.4978	-7.1	6.9	16.9	23.9	25.9
275	11.6456	-6.5	7.5	16.5	24.5	26.5
281	11.7934	-6.9	7.1	17.1	25.1	27.1
288	11.9551	-7.2	6.8	17.8	24.8	26.8
295	12.12195	-6.5	7.5	17.5	25.5	27.5
301	12.2525	-6.9	7.1	18.1	26.1	28.1
309	12.4285	-7.1	6.9	17.9	26.9	28.9
316	12.57345	-7.4	7.6	18.6	27.6	29.6
323	12.71575	-7.7	7.3	18.3	27.3	29.3005
331	12.8876	-6.9	7.1	19.1	28.1	30.1
338	13.02015	-7.2	7.8	18.8	28.8	30.8
346	13.18165	-7.4	7.6	19.6	29.6	31.6
354	13.3326	-7.6	7.4	19.4	30.4	32.4
363	13.50175	-7.7	7.3	20.3	30.3	32.3
371	13.64465	-7.9	7.1	20.1	31.1	33.1
380	13.8201	-8	7	21	32	34
389	13.97605	-8.1	6.9	20.9	31.9	34.9
398	14.1335	-8.2	7.8	21.8	32.8	35.8
407	14.2824	-8.3	7.7	21.7	33.7	36.7
416	14.43195	-8.4	7.6	21.6	34.6	36.6
426	14.5891	-8.4	7.6	22.6	34.6	37.6
436	14.73855	-8.4	7.6	22.6	35.6	38.6
446	14.89805	-8.4	7.6	22.6	35.6	38.6005
457	15.066	-9.3	7.7	23.7	36.7	39.7
467	15.22095	-9.3	7.7	23.7	37.7	40.7
478	15.38385	-9.2	7.8	23.8	37.8	41.8
489	15.53685	-9.1	6.9	23.9	38.9	41.9005
501	15.7117	-9.9	7.1	25.1	40.1	43.1
512	15.8631	-9.8	7.2	25.2	40.2	44.2
524	16.02555	-9.6	7.4	25.4	40.4	45.4
537	16.2007	-10.3	7.7	25.7	41.7	45.7005
549	16.3485	-10.1	6.9	25.9	42.9	45.9005
562	16.5156	-9.8	7.2	26.2	43.2	47.2005
575	16.67715	-10.5	7.5	26.5	44.5	48.5
588	16.83965	-11.2	6.8	26.8	44.8	49.8
602	17.01465	-10.8	7.2	27.2	46.2	50.2
616	17.18745	-11.4	7.6	27.6	46.6	51.6
630	17.36695	-12	7	28	48	53
645	17.5444	-11.5	7.5	28.5	48.5	52.5005
660	17.70815	-12	7	29	50	54
676	17.89625	-12.4	7.6	28.6	50.6	55.6
691	18.07105	-11.9	7.1	29.1	51.105	56.1
707	18.2523	-12.3	6.7	29.7	52.7	57.7
724	18.4424	-12.6	7.4	30.4	53.4	59.4
741	18.6191	-12.9	7.1	30.1	55.1	60.1
758	18.7989	-13.2	6.8	30.8	55.8	61.8
776	18.99345	-13.4	6.6	30.6	56.6	63.6
794	19.1815	-13.6	7.4	31.4	57.4	64.4
812	19.3673	-13.8	7.2	31.2	59.2	65.2005
831	19.57365	-13.9	7.1	32.1	60.1	67.1005
851	19.7838	-13.9	7.1	32.1	61.1	68.1005
870	19.969	-14	7	32	62	70
891	20.18875	-14.9	7.1	32.1	63.1	71.1005
912	20.395	-14.8	7.2	33.2	65.2	73.2
933	20.60085	-14.7	6.3	33.3	65.3	74.3
954	20.796	-14.6	6.4	33.4	66.4	75.4
977	21.03255	-15.3	6.7	33.7	67.7	77.7
1000	21.27075	-15	7	34	69	79
1023	21.49935	-15.7	6.3	33.3	70.3	80.3005
1047	21.72085	-16.3	6.7	33.7	71.7	81.7005
1071	21.93445	-16.9	6.1	34.1	74.1	83.101
1096	22.1896	-16.4	6.6	33.6	74.6	84.6005
1122	22.44445	-16.8	6.2	34.2	76.2	87.2
1148	22.6953	-17.2	6.8	34.8	77.8	89.8
1174	22.9381	-17.6	6.4	34.4	79.4	90.4
1202	23.1974	-17.8	6.2	34.2	80.2	92.2
1230	23.44875	-18	6	35	82	93
1258	23.73235	-18.2	6.8	34.8	83.8	95.8
1288	24.00265	-18.205	6.8	34.8	85.8	96.8
1318	24.27165	-19.2	5.8	34.8	87.8	98.8
1348	24.5433	-19.2	5.8	34.8	88.8	100.8
1380	24.82625	-19	6	35	91	103
1412	25.1094	-19.8	6.2	35.2	92.2	105.2
1445	25.4011	-20.5	6.5	35.5	94.5	106.5
1479	25.68155	-21.1	5.9	35.9	95.9	106.9005
1513	25.97075	-20.7	6.3	35.3	98.3	110.3
1548	26.2843	-21.2	5.8	35.8	99.8	111.8
1584	26.6083	-21.6	5.4	36.4	101.4	114.4
1621	26.936	-21.9	6.1	36.1	103.1	117.1
1659	27.2728	-22.1	5.9	35.9	104.9	118.9
1698	27.6134	-22.2	5.8	36.8	107.8	120.8
1737	27.9414	-22.3	5.7	36.7	109.7	122.7
1778	28.2874	-23.2	5.8	36.8	111.8	124.8
1819	28.61145	-24.1	5.9	36.9	113.9	125.901
1862	28.9916	-23.8	5.2	36.2	116.2	129.2
1905	29.3756	-23.5	5.5	36.5	118.5	131.5
1949	29.7324	-24.1	5.9	36.9	120.9	132.9005
1995	30.1051	-24.5	5.5	37.5	123.5	135.5
2041	30.49025	-24.9	5.1	37.1	125.1	137.1005
2089	30.8962	-25.1	4.9	37.9	127.9	139.9005
2137	31.2986	-26.3	4.7	37.7	130.7	142.7
2187	31.69245	-26.3	4.7	37.7	133.7	145.7
2238	32.13215	-26.2	4.8	37.8	136.8	147.8
2290	32.5712	-27	5	38	140	151.0005
2344	33.0395	-27.6	4.4	38.4	142.4	154.4005
2398	33.48855	-27.2	4.8	38.8	145.8	156.8005
2454	33.9616	-28.6	4.4	39.4	148.4	159.4005
2511	34.4321	-27.9	4.1	39.1	151.1	163.1
2570	34.89665	-29	4	39	154	166.0005
2630	35.40265	-30	4	40	157	169.001
2691	35.90895	-29.9	4.1	40.1	160.105	173.101
2754	36.41475	-30.6	4.4	40.4	164.4	177.4
2818	36.929	-30.2	3.8	39.8	167.8	180.8
2884	37.45795	-30.6	4.4	40.4	171.4	184.4
2951	37.99405	-31.9	4.1	41.1	174.105	188.1
3019	38.53845	-32.1	3.9	40.9	178.9	191.9
3090	39.1238	-32	4	41	182	195.0005
3162	39.72695	-32.8	4.2	41.2	186.2	198.2
3235	40.3451	-32.505	3.5	41.5	189.5	202.5
3311	40.9708	-33.9	4.1	42.1	194.1	207.1
3388	41.60755	-34.2	3.8	41.8	197.805	211.8
3467	42.2634	-34.3	3.7	42.7	202.7	214.7005
3548	42.93485	-35.2	3.8	42.8	207.8	217.801
3630	43.58335	-35.005	3	43	212	223
3715	44.2298	-36.5	3.5	43.5	216.5	228.5
3801	44.8722	-36.9	3.1	43.35	222.1	234.1
3890	45.59335	-37	3	44	226	239
3981	46.33465	-37.9	3.1	44.1	231.1	242.1005
4073	47.0448	-38.7	3.3	44.3	235.3	246.3005
4168	47.8099	-39.2	2.8	44.8	239.805	251.8005
4265	48.56	-39.5	2.5	44.5	245.5	256.5
4365	49.33815	-40.5	2.5	45.5	250.5	262.5005
4466	50.18065	-40.4	2.6	45.6	256.6	268.6005
4570	51.0049	-42	3	46	262	276
4677	51.8425	-42.3	2.7	45.7	267.7	280.7
4786	52.6934	-42.405	2.6	46.6	273.6	284.6015
4897	53.53915	-43.3	1.7	46.7	278.7	290.701
5011	54.40835	-43.9	2.1	47.1	284.1	298.1005
5128	55.35495	-45.2	1.8	46.8	290.8	302.801
5248	56.34075	-45.2	1.8	47.8	296.8	310.8
5370	57.28945	-47	2	48	304	318
5495	58.2213	-46.5	1.5	48.5	309.5	325.5
5623	59.2368	-47.7	1.3	48.3	317.3	330.3005
5754	60.3186	-48.6	1.4	48.4	323.4	338.4005
5888	61.30405	-48.2	0.8	48.8	329.8	345.8
6025	62.32615	-49.5	1.5	49.5	337.5	354.5
6165	63.42925	-50.5	0.5	49.5	345.5	361.5005
6309	64.589	-51.1	0.9	49.9	351.9	367.9005
6456	65.7638	-51.4	0.6	49.6	358.6	377.6005
6606	66.95155	-51.405	0.6	50.6	367.6	385.6
6760	68.16505	-53	0	51	375	391.0005
6918	69.43865	-53.2	0.8	51.8	383.8	400.8005
7079	70.68235	-54.1	-0.1	51.9	392.9	409.9005
7244	71.9853	-54.6	0.4	51.65	401.4	418.401
7413	73.32385	-55.7	0.3	52.3	410.3	428.3005
7585	74.6206	-55.5	-0.5	52.5	419.5	438.501
7762	75.97245	-55.8	-0.8	52.2	428.205	450.2005
7943	77.3444	-57.7	-0.7	53.3	437.3	460.3005
8128	78.7646	-57.2	-0.2	53.8	446.8	469.8005
8317	80.28195	-58.3	-0.3	53.7	456.7	480.7005
8511	81.80695	-58.9	-0.9	54.1	467.1	492.1
8709	83.2957	-60.1	-1.1	54.9	477.9	500
8912	84.8191	-60.8	-0.8	55.2	488.2	500
9120	86.4488	-61	-1	56	500	500
9332	88.0763	-62.8	-1.8	56.2	500	500
9549	89.7716	-63.1	-2.1	56.9	500	500
9772	91.45445	-63.8	-1.8	57.2	500	500
10000	93.16985	-64	-2	57	500	500
10232	94.9344	-65.8	-2.8	57.2	500	500
10471	96.8066	-65.9	-2.9	58.1	500	500
10715	98.6523	-67.5	-2.5	58.5	500	500
10964	100.5476	-68.6	-2.6	58.4	500	500
11220	102.5675	-68	-3	59	500	500
11481	104.5328	-69.9	-2.9	60.1	500	500
11748	106.5361	-70.2	-3.2	59.8	500	500
12022	108.6738	-72.8	-3.8	61.2	500	500
12302	110.8381	-72.8	-3.8	61.2	500	500
12589	113.0699	-73.1	-4.1	61.9	500	500
12882	115.2789	-74.8	-3.8	62.2	500	500
13182	117.6044	-75.8	-3.8	62.45	500	500
13489	119.9505	-78.1	-4.1	62.9	500	500
13803	122.3674	-78.7	-4.7	63.3	500	500
14125	124.7467	-81.5	-4.5	63.5	500	500
14454	127.2095	-81.6	-5.6	64.4	500	500
14791	129.7881	-82.9	-4.9	65.1	500	500
15135	132.3091	-83.5	-5.5	65.5	500	500
15488	134.9962	-85.2	-6.2	65.8	500	500
15848	137.6981	-85.2	-6.2	65.8	500	500
16218	140.5002	-86.2	-6.2	66.8	500	500
16595	143.3678	-87.5	-6.5	67.5	500	500
16982	146.2944	-87.8	-6.8	68.2	500	500
17378	149.3516	-89.2	-6.2	68.8	500	500
17782	152.4597	-90.8	-6.8	69.2	500	500
18197	155.6876	-89.3	-7.3	69.7	500	500
18620	158.9438	-92	-7	71	500	500
19054	162.2597	-92.6	-7.6	71.4	500	500
19498	165.5658	-96.2	-8.2	71.8	500	500
19952	168.9253	-96.8	-7.8	72.2	500	500
