100	6.16232	-1	5	8	10	10
102	6.27628	-0.8	5.2	8.2	10.2	10.2
104	6.38024	-0.6	5.4	8.4	10.4	10.4
107	6.55614	-0.3	5.7	8.7	10.7	10.7
109	6.6594	-1.1	4.9	7.9	10.9	10.9
112	6.8343	-0.8	5.2	8.2	11.2	11.2
114	6.9388	-0.6	5.4	8.4	11.4	11.4
117	7.10834	-0.305	5.7	8.7	11.7	11.7
120	7.27288	-1	6	9	12	12
123	7.4332	-0.7	6.3	9.3	12.3	12.3
125	7.5425	-0.5	6.5	9.5	12.5	12.5
128	7.70604	-0.2	5.8	9.8	12.8	12.8
131	7.86452	-0.9	6.1	10.1	13.1	13.1
134	8.02954	-0.6	6.4	10.4	13.4	13.4
138	8.24182	-0.2	6.8	9.8	13.8	13.8
141	8.39632	-0.9	7.1	10.1	14.1	14.1
144	8.55798	-0.6	6.4	10.4	14.4	14.4
147	8.70262	-0.3	6.7	10.7	14.7	14.7
151	8.91608	-0.9	7.1	11.1	14.1	15.1
154	9.06708	-0.6	7.4	11.4	14.4	15.4
158	9.27288	-0.2	7.8	11.8	14.8	15.8
162	9.48002	-0.8	7.2	12.2	15.2	16.2
165	9.63018	-0.5	7.5	11.5	15.5	16.5
169	9.82932	-0.1	7.9	11.9	15.9	16.9
173	10.02646	-0.7	8.3	12.3	16.3	17.3
177	10.22496	-0.3	7.7	12.7	16.7	17.7
181	10.4216	0.1	8.1	13.1	17.1	18.1
186	10.66848	-0.4	8.6	13.6	17.6	18.6
190	10.86122	0	9	13	18	19
194	11.05082	0.4	8.4	13.4	18.4	19.4
199	11.2949	-0.1	8.9	13.9	18.9	19.9
204	11.53256	-0.6	9.4	14.4	19.4	20.4
208	11.71602	-0.2	9.8	14.8	19.8	19.8005
213	11.94408	-0.7	9.3	14.3	19.3	20.3
218	12.17516	-0.2	9.8	14.8	19.8	20.8
223	12.39608	-0.7	10.3	15.3	20.3	21.3
229	12.6603	-0.1	9.9	15.9	20.9	21.9
234	12.87306	-0.6	10.4	16.4	21.4	22.4
239	13.0901	-0.1	9.9	15.9	21.9	22.9
245	13.34832	-0.5	10.5	16.5	22.5	23.5
251	13.60416	-0.9	11.1	17.1	23.1	24.1
257	13.855	-0.3	10.7	17.7	22.7	24.7
263	14.10448	-0.7	11.3	17.3	23.3	25.3
269	14.34478	-0.1	10.9	17.9	23.9	25.9
275	14.5852	-0.5	11.5	18.5	24.5	26.5
281	14.82298	-0.9	12.1	18.1	25.1	26.1005
288	15.09078	-0.2	11.8	18.8	25.8	26.8
295	15.36292	-0.5	11.5	19.5	26.5	27.5
301	15.58508	-0.9	12.1	19.1	26.1	28.1
309	15.8888	-0.1	11.9	19.9	26.9	28.9
316	16.14528	-0.4	12.6	20.6	27.6	29.6
323	16.39514	-0.7	12.3	20.3	28.3	30.3
331	16.67376	0.1	13.1	21.1	29.1	31.1
338	16.919	-0.2	12.8	21.8	28.8	30.8
346	17.19116	-0.4	13.6	21.6	29.6	31.6
354	17.46134	-0.6	13.4	22.4	30.4	32.4
363	17.7588	-0.7	13.3	22.3	31.3	33.3
371	18.02042	-0.9	14.1	23.1	31.1	34.1
380	18.30356	0	14	23	32	34
389	18.5759	-0.1	13.9	23.9	32.9	34.9
398	18.84918	-0.2	13.8	23.8	33.8	35.8
407	19.11714	-0.3	14.7	24.7	33.7	36.7
416	19.37804	-0.4	14.6	24.6	34.6	37.6
426	19.6677	-0.4	14.6	25.6	35.6	37.6
436	19.94876	-0.4	14.6	25.6	35.6	38.6
446	20.22038	-0.4	14.6	25.6	36.6	39.6
457	20.50634	-1.3	14.7	26.7	37.7	40.7
467	20.76278	-1.3	14.7	26.7	37.7	40.7
478	21.04156	-1.2	15.8	26.8	38.8	41.8
489	21.31278	-1.1	15.9	27.9	39.9	41.9
501	21.5958	-0.9	16.1	28.1	40.1	43.1
512	21.84668	-1.8	16.2	28.2	41.2	44.2
524	22.11408	-1.6	15.4	28.4	41.4	44.4005
537	22.40594	-1.3	15.7	28.7	42.7	45.7
549	22.65894	-1.1	15.9	29.9	42.9	46.9
562	22.93188	-1.8	16.2	30.2	44.2	48.2
575	23.19104	-1.5	16.5	30.5	44.5	48.5
588	23.44048	-2.2	16.8	30.8	45.8	49.8
602	23.70134	-1.8	16.2	31.2	46.2	51.2
616	23.9565	-2.4	16.6	31.6	47.6	51.6
630	24.20224	-2	17	32	48	53
645	24.4559	-2.5	16.5	32.5	49.5	53.5
660	24.70826	-2	17	33	50	55
676	24.969	-2.4	17.6	32.6	50.6	55.6005
691	25.20178	-1.9	17.1	33.1	52.1	57.1
707	25.44444	-2.3	17.7	33.7	52.7	57.7
724	25.6909	-2.6	17.4	33.4	54.4	58.4005
741	25.93148	-2.9	17.1	34.1	55.1	60.1
758	26.15978	-3.2	17.8	34.8	55.8	60.8
776	26.39496	-3.4	17.6	34.6	56.6	62.6
794	26.61258	-2.6	17.4	35.4	58.4	63.4
812	26.829	-2.8	18.2	35.2	59.2	64.2
831	27.04034	-2.9	18.1	36.1	60.1	65.1
851	27.26598	-2.9	18.1	36.1	61.1	67.1
870	27.47146	-3	18	36	62	68
891	27.69224	-3.9	18.1	36.1	63.1	70.1
912	27.89338	-3.8	18.2	36.2	64.2	71.2
933	28.08234	-3.7	18.3	36.3	65.3	72.3
954	28.266	-3.6	18.4	37.4	66.4	74.4
977	28.46082	-4.3	18.7	36.7	67.7	74.7
1000	28.6454	-4	18	37	69	76
1023	28.82594	-4.7	18.3	37.3	70.3	77.3
1047	29.0043	-4.3	18.7	37.7	70.7	79.7
1071	29.1812	-4.9	19.1	38.1	72.1	81.1
1096	29.35162	-5.4	18.6	38.6	73.6	82.6
1122	29.51906	-4.8	19.2	38.2	75.2	83.2
1148	29.67858	-5.2	18.8	38.8	75.8	83.8005
1174	29.83246	-5.6	18.4	38.4	77.4	85.4005
1202	29.99916	-5.8	19.2	39.2	79.2	87.2
1230	30.1591	-6	19	39	81	89
1258	30.30546	-6.2	18.8	39.8	81.8	90.8
1288	30.46716	-6.2	18.8	39.8	83.8	92.8
1318	30.62022	-6.2	18.8	39.8	84.8	94.8
1348	30.76178	-7.2	18.8	39.8	86.8	95.8
1380	30.9191	-7	19	40	88	97
1412	31.07304	-6.8	19.2	40.2	89.2	99.2
1445	31.22466	-7.5	19.5	40.5	91.5	101.5
1479	31.3617	-7.1	18.9	40.9	92.9	102.9
1513	31.50072	-7.7	19.3	41.3	94.3	104.3005
1548	31.63282	-8.2	19.55	40.8	95.8	106.8
1584	31.78006	-8.6	19.4	41.4	97.4	108.4
1621	31.90648	-8.9	19.1	41.1	99.1	111.1
1659	32.03076	-9.1	19.9	41.9	101.9	112.9005
1698	32.16214	-9.2	19.8	41.8	103.8	114.8
1737	32.29336	-9.3	19.7	41.7	105.7	117.7
1778	32.42394	-10.2	19.8	41.8	106.8	118.8005
1819	32.53824	-10.1	19.9	41.9	108.9	121.9
1862	32.66964	-9.8	19.2	42.2	111.2	124.2
1905	32.7941	-10.5	19.5	42.5	113.5	125.5
1949	32.90058	-10.1	19.9	42.9	114.9	127.9
1995	33.01198	-11.5	19.5	43.5	117.5	129.5005
2041	33.12692	-11.9	19.1	43.1	119.1	132.1
2089	33.22918	-12.1	19.9	43.9	120.9	134.9
2137	33.33142	-12.3	19.7	43.7	122.7	137.7
2187	33.44418	-12.3	19.7	43.7	125.7	140.7
2238	33.54524	-12.2	19.8	43.8	127.8	142.8
2290	33.65322	-13	19	44	130	145
2344	33.77896	-13.6	19.4	44.4	133.4	148.4
2398	33.8849	-13.2	19.8	44.8	135.8	151.8
2454	33.98602	-13.6	19.4	44.4	138.4	154.4
2511	34.09148	-13.9	19.1	45.1	140.1	156.1
2570	34.21044	-14	19	45	144	161
2630	34.31804	-15	19	45	146	163
2691	34.40874	-15.9	19.1	45.1	149.1	165.1
2754	34.52176	-15.6	19.4	45.4	151.4	169.4
2818	34.6365	-16.2	19.8	45.8	153.8	171.801
2884	34.74846	-16.6	19.4	46.4	157.4	176.4005
2951	34.86298	-16.9	19.1	46.1	160.1	180.1005
3019	34.96138	-17.1	18.9	46.9	162.9	183.9
3090	35.08906	-17	19	47	166.005	188.0005
3162	35.19076	-17.8	19.2	47.2	169.2	191.2
3235	35.29144	-17.5	19.5	47.5	172.5	194.5
3311	35.35186	-17.9	19.1	47.1	176.1	199.1
3388	35.44414	-18.2	18.8	47.8	178.8	202.8005
3467	35.52348	-19.3	18.7	47.7	182.7	208.7
3548	35.60716	-19.2	18.8	47.8	185.805	211.8005
3630	35.68868	-20	19	48	189.005	216
3715	35.77956	-20.5	18.5	48.5	193.5	220.5
3801	35.86182	-21.9	19.1	48.1	197.1	224.1005
3890	35.96848	-22	19	49	201	230
3981	36.07072	-21.9	19.1	49.1	204.1	234.1
4073	36.1406	-21.7	18.3	49.3	207.3	238.3
4168	36.22044	-22.2	18.8	48.8	210.8	242.8
4265	36.31646	-22.505	18.5	49.5	215.5	247.5005
4365	36.40434	-23.5	18.5	49.5	218.505	253.5
4466	36.49122	-23.4	18.6	49.6	222.6	259.6
4570	36.57736	-24	18	50	227	265
4677	36.67248	-24.3	17.7	50.7	230.7	269.7
4786	36.75438	-25.4	18.6	50.6	233.605	273.601
4897	36.85624	-26.3	17.7	50.7	238.7	279.7
5011	36.96128	-26.9	18.1	51.1	242.1	285.1
5128	37.05484	-27.2	17.8	51.8	245.8	293.8
5248	37.12858	-28.2	17.8	51.8	246.805	300.8
5370	37.21058	-29	18	52	250	305.0005
5495	37.32488	-28.5	17.5	52.5	250.505	312.5
5623	37.41554	-29.7	17.3	52.3	251.305	318.3005
5754	37.5219	-29.6	17.4	52.4	251.405	325.4
5888	37.61922	-30.2	17.8	52.8	253.8	329.8015
6025	37.71498	-31.5	17.5	53.5	252.505	337.5
6165	37.80564	-31.5	17.5	53.5	252.5	344.5005
6309	37.88614	-32.1	16.9	53.9	250.9	351.9005
6456	37.96928	-33.4	17.6	53.6	252.605	358.6005
6606	38.06028	-33.4	16.6	53.6	254.605	367.6005
6760	38.15206	-34	17	54	254.02	376
6918	38.25218	-35.2	16.8	54.8	255.805	383.8
7079	38.36318	-36.1	16.9	54.9	255.9	392.9
7244	38.44758	-35.6	16.4	55.4	253.405	399.4005
7413	38.56722	-36.7	16.3	55.3	254.31	406.3
7585	38.6793	-37.5	16.5	55.5	254.51	415.5
7762	38.7624	-37.8	16.2	56.2	253.2	424.2005
7943	38.8609	-38.7	16.3	56.3	252.305	433.3
8128	38.9525	-39.2	15.8	56.8	252.81	442.8
8317	39.01898	-40.3	15.7	56.7	255.705	452.7005
8511	39.1255	-40.9	16.1	57.1	254.1	463.1
8709	39.19718	-42.1	15.9	56.9	255.905	471.9
8912	39.28716	-42.8	15.2	57.2	253.2	482.2
9120	39.42092	-43	16	58	257	493
9332	39.50578	-43.8	15.2	58.2	258.215	500
9549	39.60536	-44.1	14.9	58.9	255.905	500
9772	39.71342	-44.8	15.2	59.2	254.21	500
10000	39.80908	-46	15	59	256.01	500
10232	39.88302	-46.8	15.2	59.2	256.21	500
10471	39.98318	-46.9	15.1	59.1	258.105	500
10715	40.08404	-48.5	14.5	60.5	260.5	500
10964	40.1871	-49.6	14.4	60.4	259.4	500
11220	40.32644	-49	14	61	255.005	500
11481	40.4287	-49.9	14.1	61.1	256.1	500
11748	40.53302	-51.2	13.8	61.8	254.8	500
12022	40.6306	-51.8	14.2	61.2	258.2	500
12302	40.73584	-52.8	14.2	62.2	259.205	500
12589	40.82626	-54.1	13.9	61.9	257.905	500
12882	40.9353	-54.8	14.2	63.2	258.205	500
13182	41.06066	-55.8	13.2	63.2	255.21	500
13489	41.15002	-57.1	12.9	62.9	259.9	500
13803	41.23808	-57.7	13.3	64.3	261.3	500
14125	41.29962	-58.5	12.5	64.5	260.505	500
14454	41.35872	-60.6	12.4	64.4	261.405	500
14791	41.42736	-60.9	12.1	65.1	261.1	500
15135	41.48864	-61.5	11.5	65.5	260.505	500
15488	41.57794	-62.2	11.8	65.8	259.805	500
15848	41.67936	-63.2	11.8	65.8	259.81	500
16218	41.81936	-65.2	10.8	66.8	260.8	500
16595	41.89908	-66.5	10.5	66.5	259.515	500
16982	42.00632	-67.8	11.2	67.2	262.2	500
17378	42.1133	-68.205	10.8	67.8	260.81	500
17782	42.23022	-69.8	11.2	68.2	260.205	500
18197	42.33426	-71.3	10.7	67.7	261.7	500
18620	42.45614	-73	10	69	258.005	500
19054	42.57602	-73.6	9.4	69.4	260.41	500
19498	42.68616	-73.2	9.8	69.8	260.805	500
19952	42.78578	-75.8	9.2	70.2	260.2	500
