000100 6.11572 -1 5 8 10 10
000102 6.22416 -0.8 5.2 8.2 10.2 10.2
000104 6.34216 -0.6 5.4 8.4 10.4 10.4
000107 6.5077 -0.3 4.7 7.7 10.7 10.7
000109 6.62114 -0.1 4.9 7.9 10.9 10.9
000112 6.793 -0.8 5.2 8.2 11.2 11.2
000114 6.90094 -0.6 5.4 8.4 11.4 11.4
000117 7.05996 -0.3 5.7 8.7 11.7 11.7
000120 7.22542 0 6 9 12 12
000123 7.3919 -0.7 6.3 9.3 12.3 12.3
000125 7.50058 -0.5 5.5 9.5 12.5 12.5
000128 7.66714 -0.2 5.8 9.8 12.8 12.8
000131 7.82926 0.1 6.1 10.1 13.1 13.1
000134 7.99722 0.4 6.4 9.4 13.4 13.4
000138 8.21318 -0.2 6.8 9.8 13.8 13.8
000141 8.37606 0.1 7.1 10.1 14.1 14.1
000144 8.53856 0.4 6.4 10.4 14.4 14.4
000147 8.69606 0.7 6.7 10.7 14.7 14.7
000151 8.9041 0.1 7.1 11.1 15.1 15.1
000154 9.0697 0.4 7.4 11.4 14.4 15.4
000158 9.28404 0.8 7.8 11.8 14.8 15.8
000162 9.4971 0.2 7.2 11.2 15.2 16.2
000165 9.64884 0.5 7.5 11.5 15.5 16.5
000169 9.85012 0.9 7.9 11.9 15.9 16.9
000173 10.0577 0.3 8.3 12.3 16.3 17.3
000177 10.25666 0.7 8.7 12.7 16.7 17.7
000181 10.4529 0.1 8.1 13.1 17.1 18.1
000186 10.70568 0.6 8.6 12.6 17.6 18.6
000190 10.90264 1 9 13 18 19
000194 11.09968 0.4 9.4 13.4 18.4 19.4
000199 11.34912 0.9 8.9 13.9 18.9 19.9
000204 11.59442 1.4 9.4 14.4 18.4 20.4
000208 11.78866 0.8 9.8 14.8 18.8 20.8
000213 12.03188 1.3 9.3 14.3 19.3 21.3
000218 12.27058 0.8 9.8 14.8 19.8 20.8
000223 12.50864 1.3 10.3 15.3 20.3 21.3
000229 12.79482 1.9 9.9 15.9 20.9 21.9
000234 13.02738 1.4 10.4 15.4 21.4 22.4
000239 13.25788 1.9 10.9 15.9 21.9 22.9
000245 13.54394 1.5 10.5 16.5 22.5 23.5
000251 13.81964 1.1 11.1 17.1 22.1 24.1
000257 14.0961 1.7 11.7 16.7 22.7 24.7
000263 14.37338 2.3 11.3 17.3 23.3 25.3
000269 14.638 1.9 11.9 17.9 23.9 25.9
000275 14.90426 2.5 12.5 18.5 24.5 25.5
000281 15.1702 2.1 12.1 18.1 25.1 26.1
000288 15.4686 1.8 12.8 18.8 25.8 26.8
000295 15.7761 2.5 12.5 19.5 25.5 27.5
000301 16.03252 2.1 13.1 19.1 26.1 28.1
000309 16.38022 1.9 12.9 19.9 26.9 28.9
000316 16.67632 2.6 13.6 20.6 27.6 29.6
000323 16.96946 2.3 13.3 20.3 28.3 29.3
000331 17.30862 2.1 14.1 21.1 28.1 30.1
000338 17.59842 2.8 13.8 21.8 28.8 30.8
000346 17.93296 2.6 14.6 21.6 29.6 31.6
000354 18.25488 2.4 14.4 22.4 30.4 32.4
000363 18.62134 3.3 15.3 22.3 30.3 33.3
000371 18.93534 3.1 15.1 23.1 31.1 34.1
000380 19.28474 3 16 23 32 34
000389 19.63262 3.895 15.9 23.9 32.9 34.9
000398 19.97322 3.8 15.8 23.8 33.8 35.8
000407 20.32026 3.7 16.7 24.7 33.7 36.7
000416 20.65388 3.6 16.6 24.6 34.6 36.6
000426 21.02878 3.6 16.6 25.6 35.6 37.6
000436 21.3898 3.6 17.6 25.6 35.6 38.6
000446 21.75396 3.6 17.6 26.6 36.6 39.6
000457 22.14034 3.7 17.7 26.7 37.7 39.7
000467 22.4994 4.7 17.7 27.7 37.7 40.7
000478 22.87408 4.8 17.8 27.8 38.8 41.8
000489 23.2541 3.9 18.9 27.9 39.9 42.9
000501 23.65596 4.1 19.1 29.1 40.1 44.1
000512 24.03128 4.2 19.2 29.2 41.2 44.2
000524 24.42146 4.4 19.4 29.4 41.4 45.4
000537 24.85054 4.7 19.7 30.7 42.7 46.7
000549 25.2378 4.9 19.9 30.9 42.9 46.9
000562 25.65512 5.2 20.2 31.2 44.2 48.2
000575 26.05466 5.5 20.5 31.5 44.5 49.5
000588 26.45448 5.8 20.8 31.8 45.8 49.8
000602 26.87814 5.2 21.2 33.2 46.2 51.2
000616 27.29284 5.6 21.6 33.6 47.6 51.6
000630 27.71102 6 22 34 48 52
000645 28.1444 5.5 22.5 34.5 49.5 53.5
000660 28.57166 6 22 35 50 54
000676 29.02114 5.6 22.6 35.6 51.6 55.6
000691 29.44358 6.1 23.1 36.1 52.1 57.1
000707 29.87466 6.7 23.7 36.7 52.7 57.7
000724 30.31606 6.4 23.4 36.4 53.4 58.4
000741 30.77148 7.1 24.1 37.1 55.1 60.1
000758 31.2219 6.8 24.8 37.8 55.8 60.8
000776 31.68028 6.6 24.6 38.6 56.6 62.6
000794 32.14652 6.4 25.4 39.4 58.4 63.4005
000812 32.58822 7.2 25.2 39.2 59.2 64.2005
000831 33.05076 7.1 26.1 40.1 60.1 66.1
000851 33.54384 7.1 26.1 40.1 61.1 67.1
000870 33.9974 7.995 27 41 62 68
000891 34.49432 8.1 27.1 41.1 63.1 69.1
000912 34.97858 7.2 27.2 42.2 64.2 71.2
000933 35.45926 7.3 28.3 42.3 65.3 72.3
000954 35.91162 7.4 28.4 43.4 66.4 73.4
000977 36.41476 7.7 28.7 43.7 67.7 74.7005
001000 36.90512 8 29 44 69 77
001023 37.38716 7.3 29.3 45.3 70.3 78.3
001047 37.88336 7.7 29.7 45.7 71.7 78.7
001071 38.37464 8.1 30.1 46.1 73.1 81.1
001096 38.8676 7.6 30.6 46.6 74.6 81.6
001122 39.3669 8.2 31.2 47.2 75.2 83.2
001148 39.86776 7.8 31.8 47.8 76.8 84.8
001174 40.36388 7.4 31.4 48.4 78.4 86.4
001202 40.86768 8.2 32.2 49.2 79.2 88.2
001230 41.36498 8 33 50 81 90
001258 41.85254 7.8 32.8 49.8 81.8 91.8
001288 42.3622 7.8 32.8 50.8 82.8 92.8
001318 42.85854 7.8 33.8 51.8 84.8 94.8005
001348 43.3408 7.8 33.8 51.8 85.8 96.8
001380 43.83404 8 34 53 87 98.0005
001412 44.32108 8.2 35.2 53.2 88.2 100.2005
001445 44.81342 8.5 35.5 53.5 90.5 101.5
001479 45.31556 7.9 35.9 54.9 91.9 103.9
001513 45.79534 8.3 35.3 55.3 93.3 106.3
001548 46.2824 7.8 35.8 55.8 94.8 107.8
001584 46.76404 7.4 36.4 56.4 96.4 109.4
001621 47.24614 7.1 37.1 57.1 98.1 112.1005
001659 47.72854 6.9 36.9 57.9 99.9 113.9
001698 48.19936 7.8 36.8 58.8 100.8 115.8005
001737 48.66222 6.7 37.7 58.7 102.7 118.7
001778 49.11384 6.8 37.8 59.8 104.8 121.8
001819 49.53104 6.9 37.9 59.9 105.9 122.9
001862 49.97434 7.2 38.2 61.2 107.2 125.2
001905 50.40266 6.5 38.5 61.5 108.5 127.5005
001949 50.82314 6.9 38.9 61.9 110.9 129.9
001995 51.24478 7.495 38.5 62.5 111.5 132.5
002041 51.64388 6.1 39.1 63.1 113.1 134.1
002089 52.05136 5.9 38.9 63.9 114.9 137.9
002137 52.45 5.7 39.7 64.7 115.7 139.7
002187 52.83742 5.7 39.7 64.7 117.7 142.7
002238 53.20224 5.8 39.8 65.8 118.8 143.8
002290 53.56454 6 40 66 120 145.0005
002344 53.92994 6.4 40.4 66.4 121.4 148.4
002398 54.30046 5.8 40.8 66.8 122.8 150.8005
002454 54.64908 5.4 40.4 67.4 124.4 152.4005
002511 54.98024 5.1 41.1 68.1 125.1 156.1
002570 55.30996 5 41 69 125 159
002630 55.6239 5 41 69 126 162
002691 55.94444 5.1 41.1 69.1 127.1 165.1
002754 56.25158 4.4 41.4 69.4 128.4 168.4
002818 56.5572 3.8 41.8 69.8 128.8 170.801
002884 56.86044 4.4 41.4 70.4 128.4 174.4
002951 57.1431 3.1 42.1 71.1 128.105 178.1005
003019 57.4293 3.895 41.9 70.9 129.9 181.9005
003090 57.71174 3 42 72 130 185.0005
003162 57.98452 4.2 42.2 72.2 131.2 189.2005
003235 58.2551 3.5 42.5 72.5 131.5 193.5
003311 58.54402 3.1 43.1 73.1 132.1 197.1
003388 58.84012 2.8 42.8 73.8 132.8 200.8005
003467 59.1158 2.7 42.7 73.7 133.7 205.7
003548 59.40562 2.8 42.8 73.8 134.8 208.8005
003630 59.6966 3 43 75 135 212.0005
003715 59.9724 2.5 43.5 74.5 135.5 215.5
003801 60.26834 2.1 44.1 75.1 135.1 219.1005
003890 60.53788 2 44 76 137 222.0005
003981 60.81 2.1 44.1 76.1 137.1 226.1
004073 61.06532 1.3 44.3 76.3 137.3 230.3005
004168 61.30518 0.8 44.8 76.8 138.8 233.8
004265 61.55848 1.5 44.5 77.5 138.5 237.5
004365 61.81698 1.5 44.5 77.5 139.5 240.501
004466 62.0693 0.6 44.6 78.6 140.6 242.602
004570 62.3423 0 45 79 141.005 247.0005
004677 62.64034 0.7 44.7 78.7 141.7 251.7005
004786 62.90618 0.6 45.6 79.6 141.6 257.6005
004897 63.1761 -0.3 45.7 79.7 142.705 261.7005
005011 63.4248 -0.9 45.1 80.1 144.1 265.1005
005128 63.6776 -1.2 45.8 80.8 143.8 267.8015
005248 63.94692 -1.2 45.8 80.8 144.8 273.8
005370 64.22122 -2 46 81 145 277.0015
005495 64.47476 -2.5 45.5 81.5 144.5 278.5005
005623 64.72772 -2.7 46.3 82.3 145.3 279.301
005754 64.99464 -3.6 46.4 82.4 146.4 278.4005
005888 65.27112 -3.2 45.8 82.8 147.8 278.801
006025 65.52766 -3.5 46.5 83.5 148.5 278.5015
006165 65.78904 -4.5 46.5 83.5 148.5 278.501
006309 66.04692 -4.1 46.9 83.9 148.9 279.9
006456 66.30392 -4.4 46.6 84.6 149.605 281.601
006606 66.5942 -5.4 46.6 85.6 149.605 275.603
006760 66.84016 -5.005 47 86 151 276.001
006918 67.14584 -6.205 46.8 85.8 151.8 274.8015
007079 67.40372 -7.1 46.9 86.9 153.9 272.9035
007244 67.69892 -6.6 47.4 87.4 153.405 278.4
007413 67.95062 -7.7 47.3 87.3 154.3 278.3025
007585 68.23494 -7.5 47.5 87.5 154.5 278.5025
007762 68.48112 -8.8 47.2 88.2 156.2 283.2005
007943 68.76004 -9.7 47.3 89.3 156.3 282.3005
008128 69.02258 -10.2 47.8 89.8 156.8 278.8025
008317 69.28852 -10.3 47.7 89.7 157.7 284.7
008511 69.54758 -10.9 48.1 90.1 158.1 280.103
008709 69.79328 -11.1 47.9 90.9 158.9 283.901
008912 70.07192 -11.805 48.2 91.2 160.2 281.201
009120 70.32798 -13 48 92 161 285.0005
009332 70.57056 -13.8 48.2 92.2 162.2 285.2005
009549 70.87212 -13.1 48.9 92.9 162.9 281.9045
009772 71.1435 -14.8 48.2 93.2 164.2 285.202
010000 71.42198 -15 49 94 164 288
010232 71.75818 -14.8 48.2 94.2 165.205 284.2015
010471 72.02782 -15.9 49.1 94.1 167.1 284.1005
010715 72.28852 -15.5 48.5 94.5 167.5 283.501
010964 72.55004 -16.6 49.4 95.4 168.4 280.401
011220 72.77966 -17 49 96 169.005 281.001
011481 73.06076 -18.9 49.1 97.1 171.1 278.101
011748 73.3241 -19.2 48.8 96.8 172.8 279.8005
012022 73.6113 -18.8 49.2 97.2 173.2 277.203
012302 73.92158 -19.8 49.2 98.2 175.2 275.2015
012589 74.19836 -19.1 48.9 98.9 175.9 277.901
012882 74.52088 -20.8 49.2 99.2 175.2 274.2005
013182 74.77846 -21.8 49.2 100.2 177.2 276.2005
013489 75.06096 -22.1 48.9 100.9 177.9 273.9015
013803 75.36318 -21.7 49.3 101.3 178.3 279.3005
014125 75.64326 -22.5 49.5 101.5 179.505 279.5005
014454 75.91392 -24.6 49.4 102.4 181.4 279.4015
014791 76.20204 -24.9 49.1 103.1 182.1 280.1015
015135 76.52942 -25.5 49.5 103.5 183.5 279.5035
015488 76.828 -27.2 48.8 103.8 183.8 279.8005
015848 77.11982 -27.2 49.8 104.8 185.8 280.801
016218 77.41204 -28.2 48.8 104.8 186.8 280.8005
016595 77.7138 -29.5 49.5 105.5 187.5 280.5005
016982 77.97386 -29.8 49.2 106.2 189.2 277.201
017378 78.2181 -30.2 48.8 106.8 190.8 276.802
017782 78.54616 -30.8 49.2 107.2 191.205 277.2015
018197 78.82166 -31.3 48.7 107.7 192.7 278.701
018620 79.14088 -32 49 109 194 279.0035
019054 79.45836 -33.6 48.4 109.4 196.4 277.401
019498 79.736 -34.2 48.8 109.8 197.8 274.8
019952 80.04528 -34.8 49.2 110.2 199.2 277.2015
