100	5.72524	-3	4	8	10	10
102	5.82742	-2.8	4.2	8.2	10.2	10.2
104	5.92594	-2.6	4.4	7.4	10.4	10.4
107	6.06982	-3.3	4.7	7.7	10.7	10.7
109	6.16392	-3.1	4.9	7.9	10.9	10.9
112	6.3088	-2.8	5.2	8.2	11.2	11.2
114	6.40294	-2.6	4.4	8.4	11.4	11.4
117	6.53746	-3.3	4.7	8.7	11.7	11.7
120	6.67446	-3	5	9	12	12
123	6.81502	-2.7	5.3	9.3	12.3	12.3
125	6.90642	-3.5	5.5	9.5	12.5	12.5
128	7.04148	-3.2	4.8	9.8	12.8	12.8
131	7.16728	-2.9	5.1	9.1	13.1	13.1
134	7.29766	-3.6	5.4	9.4	13.4	13.4
138	7.473	-3.2	5.8	9.8	13.8	13.8
141	7.6017	-2.9	6.1	10.1	14.1	14.1
144	7.72272	-3.6	5.4	10.4	14.4	14.4
147	7.84912	-3.3	5.7	10.7	14.7	14.7
151	8.01554	-3.9	6.1	11.1	14.1	15.1
154	8.13348	-3.6	6.4	10.4	14.4	15.4
158	8.29328	-3.2	5.8	10.8	14.8	15.8
162	8.45216	-3.8	6.2	11.2	15.2	16.2
165	8.56798	-3.5	6.5	11.5	15.5	16.5
169	8.71908	-4.1	5.9	11.9	15.9	16.9
173	8.86506	-3.7	6.3	12.3	16.3	17.3
177	9.0218	-4.3	6.7	11.7	16.7	17.7
181	9.16708	-3.9	6.1	12.1	17.1	18.1
186	9.34152	-4.4	6.6	12.6	17.6	18.6
190	9.4833	-4	7	13	18	19
194	9.62036	-4.6	6.4	13.4	18.4	19.4
199	9.7881	-4.1	6.9	12.9	18.9	19.9
204	9.95618	-4.6	7.4	13.4	18.4	20.4
208	10.08594	-4.2	6.8	13.8	18.8	20.8
213	10.2351	-4.7	7.3	14.3	19.3	20.3
218	10.39834	-4.2	6.8	13.8	19.8	20.8
223	10.55126	-4.7	7.3	14.3	20.3	21.3
229	10.73408	-4.1	6.9	14.9	20.9	21.9
234	10.88294	-4.6	7.4	15.4	21.4	22.4
239	11.02972	-5.1	6.9	14.9	21.9	22.9
245	11.19272	-4.5	7.5	15.5	22.5	23.5
251	11.364	-4.9	7.1	16.1	22.1	24.1
257	11.52722	-5.3	7.7	15.7	22.7	24.7
263	11.68578	-5.7	7.3	16.3	23.3	25.3
269	11.84074	-5.1	7.9	16.9	23.9	25.9
275	11.98872	-5.5	7.5	16.5	24.5	25.5
281	12.13346	-5.9	8.1	17.1	25.1	26.1
288	12.30004	-6.2	7.8	17.8	25.8	26.8
295	12.46734	-6.5	7.5	17.5	25.5	27.5
301	12.60882	-5.9	8.1	18.1	26.1	28.1
309	12.78938	-6.1	7.9	17.9	26.9	28.9
316	12.94252	-6.4	7.6	18.6	27.6	29.6
323	13.10102	-6.7	8.3	18.3	28.3	30.3
331	13.2627	-6.9	8.1	19.1	28.1	31.1
338	13.40176	-6.2	7.8	19.8	28.8	31.8
346	13.56136	-6.4	7.6	19.6	29.6	31.6
354	13.71816	-6.6	8.4	20.4	30.4	32.4
363	13.888	-6.7	8.3	20.3	30.3	33.3
371	14.03652	-6.9	8.1	20.1	31.1	34.1
380	14.2062	-7	8	21	32	34
389	14.37096	-7.1	7.9	20.9	31.9	34.9
398	14.52752	-7.2	7.8	21.8	32.8	35.8
407	14.6812	-7.3	7.7	21.7	33.7	36.7
416	14.82952	-7.4	7.6	21.6	34.6	36.6005
426	14.99436	-7.4	7.6	22.6	34.6	37.6
436	15.1526	-8.4	7.6	22.6	35.6	38.6
446	15.30948	-7.4	7.6	22.6	36.6	39.6
457	15.46756	-8.3	7.7	23.7	36.7	39.7
467	15.61086	-8.3	7.7	23.7	37.7	40.7
478	15.7718	-8.2	7.8	23.8	37.805	41.8
489	15.92842	-9.1	7.9	23.9	38.9	41.9
501	16.09756	-8.9	8.1	25.1	40.1	43.1
512	16.24622	-8.8	8.2	25.2	40.2	44.2
524	16.40576	-8.6	8.4	25.4	41.4	44.4
537	16.57762	-9.3	7.7	25.7	41.7	45.7
549	16.7265	-9.1	7.9	25.9	42.9	45.9005
562	16.88604	-8.8	8.2	26.2	43.2	47.2
575	17.054	-9.5	7.5	26.5	44.5	48.5
588	17.2138	-10.2	7.8	26.8	44.8	48.8005
602	17.38698	-9.8	8.2	27.2	46.2	50.2
616	17.5537	-10.4	7.6	27.6	46.6	50.6005
630	17.7127	-10	8	28	48	52
645	17.87464	-10.5	7.5	28.5	48.5	53.5
660	18.04486	-11	8	28	50	54
676	18.22958	-11.4	7.6	28.6	50.6	55.6
691	18.38602	-11.9	8.1	29.1	51.1	56.1
707	18.55034	-11.3	7.7	29.7	52.7	57.7
724	18.72614	-11.6	7.4	29.4	53.4	58.4
741	18.9014	-11.9	8.1	30.1	54.1	60.1
758	19.07922	-12.2	7.8	29.8	55.8	60.8
776	19.2553	-12.4	7.6	30.6	56.6	61.6005
794	19.43518	-12.6	7.4	30.4	57.4	63.4
812	19.60924	-12.8	7.2	30.2	58.2	64.2
831	19.7903	-12.9	8.1	31.1	59.1	65.1005
851	19.98078	-12.9	8.1	31.1	60.1	67.1
870	20.16324	-13	8	31	62	68
891	20.367	-13.9	7.1	31.1	63.1	70.1
912	20.57058	-13.8	7.2	31.2	64.2	71.2
933	20.7625	-13.7	7.3	31.3	65.3	72.3
954	20.94618	-14.6	7.4	31.4	66.4	73.4
977	21.14588	-14.3	7.7	31.7	67.7	74.7
1000	21.35252	-15	7	32	69	77
1023	21.55652	-14.7	7.3	32.3	70.3	78.3
1047	21.7663	-15.3	7.7	31.7	71.7	79.7
1071	21.98006	-15.9	7.1	32.1	73.1	81.1
1096	22.20518	-16.4	7.6	32.6	74.6	81.6005
1122	22.44212	-15.8	7.2	32.2	76.2	84.2
1148	22.66988	-17.2	6.8	32.8	77.8	84.8005
1174	22.88508	-16.6	7.4	32.4	79.4	87.4
1202	23.12666	-16.8	7.2	33.2	80.2	89.2
1230	23.37024	-18	7	33	82	90.0005
1258	23.59388	-18.2	6.8	32.8	83.8	92.8
1288	23.82938	-18.2	6.8	32.8	84.8	93.8
1318	24.0671	-18.2	6.8	33.8	86.8	95.8
1348	24.3233	-18.2	6.8	33.8	87.8	97.8
1380	24.5824	-19	7	34	90	99
1412	24.84586	-18.8	7.2	33.45	91.2	101.2
1445	25.11196	-19.5	6.5	33.5	93.5	103.5
1479	25.37114	-20.1	6.9	33.9	94.9	105.9
1513	25.63114	-19.7	6.3	34.3	97.3	107.3
1548	25.91802	-20.2	6.8	34.8	98.8	109.8
1584	26.21494	-20.6	6.4	34.4	101.4	111.4
1621	26.50016	-20.9	6.1	34.1	103.1	113.1
1659	26.7894	-21.1	6.9	34.9	104.9	114.9
1698	27.09588	-21.2	6.8	34.8	106.8	116.8005
1737	27.38888	-21.305	6.7	34.7	109.7	119.7
1778	27.70802	-22.2	6.8	34.8	111.8	121.8
1819	28.0128	-22.105	5.9	34.9	113.9	124.9
1862	28.33386	-22.8	6.2	35.2	116.2	127.2
1905	28.67534	-23.5	6.5	35.5	118.5	129.5
1949	29.0056	-24.1	5.9	35.9	120.9	131.9
1995	29.3696	-23.5	5.5	36.5	123.5	134.5
2041	29.71608	-23.9	6.1	36.1	126.1	136.1005
2089	30.08472	-25.1	5.9	35.9	127.905	138.9005
2137	30.4532	-25.3	5.7	36.7	130.7	142.7
2187	30.83766	-25.3	5.7	36.7	133.7	145.7
2238	31.205	-25.205	5.8	36.8	135.8	147.8005
2290	31.59502	-26	6	37	139	151
2344	31.99922	-26.6	5.4	37.4	142.4	153.4
2398	32.39142	-27.2	5.8	37.8	144.8	155.8
2454	32.80062	-27.6	5.4	37.4	147.4	159.4
2511	33.22678	-27.9	5.1	38.1	151.1	162.1
2570	33.65608	-29	5	38	154	166
2630	34.0875	-29	5	38	157.005	169
2691	34.5276	-29.9	5.1	38.1	160.105	172.1005
2754	34.99378	-29.6	5.15	38.4	164.4	176.4
2818	35.4494	-30.2	4.8	38.8	167.8	179.8
2884	35.9376	-30.6	4.4	39.4	171.4	183.4
2951	36.4103	-30.9	5.1	39.1	175.1	188.1
3019	36.8892	-32.1	4.9	39.9	177.9	191.9
3090	37.39754	-32	5	39	182	195
3162	37.91658	-32.8	4.2	40.2	186.2	199.2
3235	38.43572	-33.5	4.5	40.5	189.5	202.5
3311	38.96684	-32.905	4.1	40.1	194.1	206.1005
3388	39.5035	-34.2	3.8	40.8	197.8	210.8
3467	40.0718	-34.3	3.7	40.7	202.7	214.7
3548	40.61658	-35.2	3.8	40.8	206.8	218.8
3630	41.2078	-36	4	41	211	222
3715	41.80808	-36.5	3.5	41.5	215.5	227.5
3801	42.39782	-36.9	4.1	41.1	220.1	232.1
3890	43.02232	-37	4	42	225	238
3981	43.65576	-37.9	4.1	42.1	230.1	241.1005
4073	44.28808	-38.7	3.3	42.3	234.3	248.3
4168	44.941	-39.2	3.8	42.8	239.8	252.8
4265	45.61642	-39.5	3.5	42.5	244.5	256.5005
4365	46.33568	-39.5	3.5	43.5	249.5	262.5
4466	47.02534	-40.4	2.6	43.6	255.6	267.6005
4570	47.76232	-41	3	44	261	274.0005
4677	48.53184	-41.3	2.7	43.7	266.7	279.7005
4786	49.27812	-42.4	2.6	43.6	272.6	285.6
4897	50.03116	-42.305	2.7	44.7	278.7	291.7
5011	50.82716	-42.9	2.1	45.1	285.1	297.1
5128	51.63214	-43.2	2.8	44.8	290.8	303.8
5248	52.48256	-44.2	2.8	44.8	296.8	310.8
5370	53.36084	-44	2	45	303	318
5495	54.23262	-45.5	2.5	45.5	309.5	324.5
5623	55.11444	-45.7	2.3	46.3	316.3	330.3
5754	56.009	-46.6	1.4	46.4	323.4	337.4
5888	56.9235	-47.2	1.8	46.8	329.805	343.8
6025	57.8619	-48.5	1.5	47.5	337.5	351.5
6165	58.85456	-48.5	1.5	47.5	344.5	359.5
6309	59.83474	-50.1	0.9	47.9	352.9	366.9
6456	60.8264	-50.4	1.6	47.6	359.6	375.6
6606	61.85838	-50.4	0.6	48.6	367.6	383.6
6760	62.91032	-52	1	49	376	391
6918	64.00354	-52.2	0.8	48.8	383.8	398.8
7079	65.07808	-53.1	0.9	49.9	392.9	407.9
7244	66.20408	-53.6	0.4	49.4	401.4	416.4
7413	67.35862	-54.7	0.3	50.3	410.3	425.3
7585	68.54032	-55.5	0.5	50.5	419.5	435.5
7762	69.74784	-55.8	0.2	51.2	428.2	444.2
7943	70.96344	-56.7	0.3	51.3	437.3	455.3
8128	72.2342	-58.2	-0.2	51.8	446.8	463.8005
8317	73.51916	-58.3	-0.3	51.7	456.7	473.7005
8511	74.84438	-58.9	-0.9	52.1	467.1	485.1
8709	76.15148	-59.1	-0.1	52.9	476.9	496.9
8912	77.52714	-60.8	-0.8	52.2	487.2	500
9120	78.93492	-61	-1	53	499	500
9332	80.33288	-61.8	-0.8	53.2	500	500
9549	81.76098	-63.1	-1.1	53.9	500	500
9772	83.29862	-63.8	-1.8	54.2	500	500
10000	84.8703	-65	-1	55	500	500
10232	86.43736	-65.8	-1.8	55.2	500	500
10471	88.03972	-65.9	-1.9	55.1	500	500
10715	89.6739	-67.5	-1.5	55.5	500	500
10964	91.37464	-67.6	-2.6	56.4	500	500
11220	93.11216	-68	-2	57	500	500
11481	94.82936	-68.9	-2.9	57.1	500	500
11748	96.6231	-70.2	-3.2	57.8	500	500
12022	98.46278	-70.8	-2.8	58.2	500	500
12302	100.3442	-71.8	-2.8	58.2	500	500
12589	102.2828	-74.1	-3.1	58.9	500	500
12882	104.2655	-73.8	-3.8	59.2	500	500
13182	106.2963	-75.8	-3.8	59.2	500	500
13489	108.3767	-76.1	-4.1	59.9	500	500
13803	110.4855	-77.7	-3.7	60.3	500	500
14125	112.6162	-77.5	-4.5	60.5	500	500
14454	114.7965	-78.6	-4.6	61.4	500	500
14791	117.0824	-79.9	-4.9	62.1	500	500
15135	119.392	-80.505	-4.5	62.5	500	500
15488	121.7376	-82.2	-5.2	62.8	500	500
15848	124.1499	-84.2	-5.2	63.8	500	500
16218	126.6016	-85.2	-5.2	63.8	500	500
16595	129.0832	-87.5	-5.5	64.5	500	500
16982	131.6777	-87.8	-5.8	65.2	500	500
17378	134.3061	-88.2	-6.2	65.8	500	500
17782	136.959	-90.8	-6.8	66.2	500	500
18197	139.7474	-91.3	-6.3	66.7	500	500
18620	142.5876	-92	-7	67	500	500
19054	145.4787	-91.6	-6.6	67.4	500	500
19498	148.4179	-93.2	-7.2	67.8	500	500
19952	151.442	-93.8	-7.8	68.2	500	500
